%YAML:1.0
---
camera_matrix: !!opencv-matrix
   rows: 3
   cols: 3
   dt: d
   data: [ 5449.3929881929589, 0., 4185.5687471761994, 0.,
       5466.7961879974782, 3274.2935600655787, 0., 0., 1. ]
dist_coeffs: !!opencv-matrix
   rows: 1
   cols: 5
   dt: d
   data: [ -0.42538817990873007, 0.20621649082175733,
       0.0011572425441304668, -0.001905761659316279,
       -0.053154363592235375 ]
