%YAML:1.0
---
camera_matrix: !!opencv-matrix
   rows: 3
   cols: 3
   dt: d
   data: [ 6403.4418650794378, 0., 4003.381895150761, 0.,
       6410.6458444750051, 3441.3331606825313, 0., 0., 1. ]
dist_coeffs: !!opencv-matrix
   rows: 1
   cols: 5
   dt: d
   data: [ -0.43207040557997906, 0.25211261625207176,
       -0.0044914207264767098, -0.00050510075521930189,
       -0.10227151502785969 ]
