%YAML:1.0
---
camera_matrix: !!opencv-matrix
   rows: 3
   cols: 3
   dt: d
   data: [ 2738.655762149107, 0., 2009.800930180586, 0.,
       2752.8550008213556, 1267.7740398966098, 0., 0., 1. ]
dist_coeffs: !!opencv-matrix
   rows: 1
   cols: 5
   dt: d
   data: [ -0.47207378166365932, 0.35835957461699153,
       -0.00073511515062947639, 0.0013758022276325068,
       -0.19062275631301315 ]
