%YAML:1.0
---
camera_matrix: !!opencv-matrix
   rows: 3
   cols: 3
   dt: d
   data: [ 476.50228657176257, 0., 333.12285869432128, 0.,
       480.77868343950689, 203.18557766459918, 0., 0., 1. ]
dist_coeffs: !!opencv-matrix
   rows: 1
   cols: 5
   dt: d
   data: [ -0.34092970290503033, 0.17725885255331617,
       0.00023957342277946181, 0.00057829283576757873,
       -0.069585004315345284 ]
