%YAML:1.0
---
camera_matrix: !!opencv-matrix
   rows: 3
   cols: 3
   dt: d
   data: [ 761.3732898730542, 0., 532.59644827422846, 0.,
       763.62472816463196, 327.90462420788532, 0., 0., 1. ]
dist_coeffs: !!opencv-matrix
   rows: 1
   cols: 5
   dt: d
   data: [ -0.33358943047456602, 0.15118515065279867,
       -3.4150586115405698e-05, 0.00079098966454594288,
       -0.042800311109468567 ]
