%YAML:1.0
---
camera_matrix: !!opencv-matrix
   rows: 3
   cols: 3
   dt: d
   data: [ 472.25404355132775, 0., 313.62224823977152, 0.,
       476.71900275643253, 220.31638809888236, 0., 0., 1. ]
dist_coeffs: !!opencv-matrix
   rows: 1
   cols: 5
   dt: d
   data: [ -0.36521835867479074, 0.26314617426558573,
       0.00047508040894448679, 0.00089417403914041104,
       -0.16575876999137992 ]
