%YAML:1.0
---
camera_matrix: !!opencv-matrix
   rows: 3
   cols: 3
   dt: d
   data: [ 750.44594476590578, 0., 508.55945292972189, 0.,
       753.37578273794782, 355.59166576521466, 0., 0., 1. ]
dist_coeffs: !!opencv-matrix
   rows: 1
   cols: 5
   dt: d
   data: [ -0.35129949035198138, 0.19309729069445131,
       0.00097012445859508828, -0.00054294475547475118,
       -0.074111562589734684 ]
